从左往右：x, y, z, roll, pitch, yaw
任务一观察模式: 0.000 0.410 0.520 -2.240 -1.437 -2.462
任务二观察模式: 0.475 0.226 0.714 -0.132 0.053 -0.020
任务三观察模式: -0.509 0.215 0.681 -0.025 0.086 0.031

任务一三个按钮:

0接近 -0.076 0.406 0.505 -2.141 -1.470 -2.515
0按下 -0.071 0.416 0.502 -2.089 -1.466 -2.564

1接近 -0.071 0.375 0.477  -2.427 -1.287 -2.200
1开始 -0.071 0.375 0.477  -2.427 -1.287 -2.200
1结束 -0.045 0.428 0.506 -1.569 0.105 -3.135

2按下 0.048 0.416 0.499 -2.697 -1.454 -1.950
2接近 0.059 0.402 0.491 -1.740 -1.235 -2.898
